rotvelt
   Bh02



   000000      000000      000000      000000     000000      111111      000000      000000
  0      0    0      0    0     0     1      0   0      0    1     1     1      0    1      0     
  0      0    0      0    0     0     1      0   0      0    1     1     1      0    1      0     
   000000      111111      111111      111111     000000      111111      000000      111111
  0      0    1      0    1     1     1      0   0      1    1     0     1      0    1      0     
  0      0    1      0    1     1     1      0   0      1    1     0     1      0    1      0     
  0000000     1000000      111111      000000     1111111     111111      111111      000000

   000000      000000      000000      000000     111111      000000      111111      111111
  0      0    0      0    0     0     0      0   1      1    0     1     1      1    0      1     
  0      0    0      0    0     0     0      0   1      1    0     1     1      1    0      1     
   000000      000000      000000      000000     111111      111111      000000      111111
  0      0    0      0    0     0     0      0   1      1    1     1     1      1    1      0     
  0      0    0      0    0     0     0      0   1      1    1     1     1      1    1      0     
  000000      000000      000000      000000     1111111      00000       111111      111111
